39 0.12670157068062823 0.3784916201117317 0.14240837696335074 0.6927374301675975
39 0.32722513089005223 0.4057262569832404 0.12460732984293182 0.6410614525139667
39 0.4492146596858639 0.4155027932960894 0.11937172774869112 0.6410614525139665
39 0.5952879581151833 0.40363128491620126 0.1392670157068065 0.6703910614525143
39 0.7497382198952879 0.39245810055865915 0.1319371727748691 0.6173184357541899
39 0.9340314136125655 0.0803072625698324 0.0041884816753926715 0.0013966480446927373
39 0.8638743455497384 0.39385474860335173 0.11308900523560171 0.6173184357541895
80 0.33455497382198984 0.8065642458100551 0.11204188481675428 0.16620111731843526
80 0.13403141361256546 0.8435754189944135 0.1130890052356021 0.08379888268156424
80 0.5837696335078535 0.8435754189944135 0.10157068062827225 0.0782122905027933
80 0.8801047120418849 0.8526536312849161 0.1162303664921466 0.08798882681564246
