39 0.1701570680628272 0.41899441340782106 0.1078534031413613 0.5055865921787709
39 0.2821989528795812 0.42108938547486036 0.09528795811518322 0.49860335195530736
39 0.38848167539267014 0.4210893854748604 0.09005235602094247 0.48743016759776536
39 0.6000000000000001 0.45111731843575414 0.10471204188481675 0.6201117318435754
39 0.6869109947643979 0.44832402234636876 0.0712041884816754 0.5558659217877095
39 0.8287958115183247 0.45600558659217894 0.11623036649214714 0.5628491620111734
80 0.21780104712041884 0.8191340782122907 0.11937172774869112 0.12988826815642457
80 0.7005235602094241 0.8233240223463685 0.10261780104712041 0.12988826815642457
80 0.07643979057591622 0.09287709497206703 0.15078534031413612 0.18575418994413406
80 0.8769633507853405 0.09567039106145249 0.16858638743455498 0.18296089385474854
