39 0.1 0.41340782122905023 0.12670157068062837 0.7569832402234637
39 0.23089005235602095 0.41899441340782134 0.13298429319371727 0.7681564245810059
39 0.37015706806282717 0.4224860335195531 0.14345549738219895 0.7835195530726257
39 0.5141361256544502 0.4301675977653631 0.14659685863874342 0.7821229050279329
39 0.6471204188481675 0.43575418994413373 0.1549738219895289 0.7821229050279324
39 0.7910994764397904 0.44064245810055863 0.16439790575916235 0.7918994413407822
80 0.9376963350785339 0.44832402234636837 0.1246073298429314 0.8128491620111725
80 0.06753926701570682 0.8743016759776536 0.13507853403141365 0.1340782122905028
80 0.22356020942408378 0.8917597765363129 0.193717277486911 0.13547486033519557
80 0.4052356020942409 0.8966480446927373 0.19476439790575908 0.12569832402234637
80 0.5916230366492146 0.9127094972067039 0.19267015706806276 0.14106145251396665
80 0.8811518324607327 0.9322625698324021 0.21256544502617797 0.13547486033519504
