1 0.21474588403722256 0.3772264631043258 0.15748031496063 0.5610687022900765
1 0.34216177523264135 0.3575063613231551 0.16034359341445956 0.6234096692111958
1 0.48246241947029345 0.38549618320610685 0.12025769506084463 0.5623409669211195
1 0.6349319971367214 0.3899491094147583 0.1417322834645671 0.5508905852417305
1 0.7415891195418755 0.39312977099236646 0.1789549033643523 0.5699745547073793
1 0.8589835361488903 0.3931297709923664 0.20615604867573378 0.5419847328244275
0 0.14459556191839656 0.847328244274809 0.1145311381531854 0.1730279898218829
0 0.2949176807444524 0.8466921119592875 0.11309949892627058 0.17175572519083976
0 0.4559770937723694 0.8492366412213742 0.11309949892627058 0.16412213740458015
0 0.6084466714387975 0.8492366412213741 0.11309949892627058 0.16921119592875317
0 0.7780959198282033 0.8454198473282443 0.10880458124552612 0.17175572519083976
0 0.9337866857551894 0.8505089058524173 0.11095204008589836 0.16921119592875317
