1 0.1052254831782391 0.4866412213740458 0.1431639226914818 0.6812977099236641
1 0.24194702934860415 0.510496183206107 0.1388690050107373 0.6450381679389313
1 0.3801002147458839 0.5023854961832062 0.13314244810307796 0.6841603053435114
1 0.5175375805297064 0.5038167938931297 0.12741589119541877 0.6832061068702289
1 0.6506800286327845 0.5009541984732825 0.13600572655690765 0.6851145038167938
1 0.7788117394416608 0.5095419847328244 0.12168933428775949 0.6583969465648855
1 0.9047959914101642 0.5095419847328243 0.13171080887616402 0.6583969465648855
0 0.05368647100930565 0.9079198473282443 0.10594130279169649 0.06393129770992366
0 0.20186113099498926 0.9122137404580153 0.12168933428775949 0.06679389312977099
0 0.35647816750178957 0.9098282442748092 0.12312097351467431 0.06583969465648855
0 0.512168933428776 0.9122137404580153 0.11954187544738726 0.06679389312977099
0 0.6667859699355762 0.9169847328244274 0.11811023622047244 0.06679389312977099
0 0.8224767358625625 0.9193702290076335 0.11882605583392986 0.06583969465648855
0 0.9613457408733 0.9217557251908397 0.0744452397995705 0.06870229007633588
