1 0.07486910994764384 0.4247467438494934 0.14973821989528768 0.7626628075253253
1 0.22146596858638745 0.426917510853835 0.1413612565445026 0.7612156295224313
1 0.36439790575916237 0.45151953690303903 0.12984293193717278 0.7149059334298119
1 0.49581151832460724 0.4500723589001447 0.12670157068062826 0.7062228654124457
1 0.6460732984293194 0.4435600578871201 0.12984293193717278 0.7047756874095513
1 0.7811518324607328 0.45079594790159194 0.12565445026178007 0.6960926193921853
1 0.9230366492146596 0.4616497829232994 0.14554973821989564 0.6628075253256148
0 0.049738219895287955 0.8986975397973951 0.09528795811518326 0.1215629522431259
0 0.19842931937172775 0.8958031837916062 0.18952879581151832 0.11866859623733719
0 0.38586387434554986 0.8892908827785817 0.18115183246073305 0.12301013024602023
0 0.568586387434555 0.8835021707670043 0.18219895287958113 0.12301013024602023
0 0.7460732984293194 0.8769898697539799 0.17277486910994763 0.11577424023154848
0 0.9397905759162305 0.8726483357452968 0.11413612565445026 0.1215629522431259
