1 0.16428060128847533 0.433206106870229 0.16535433070866146 0.861323155216285
1 0.31639226914817464 0.4179389312977101 0.13027916964924838 0.8333333333333336
1 0.44702934860415167 0.40903307888040713 0.12097351467430208 0.8180661577608143
1 0.5726556907659269 0.4370229007633586 0.1202576950608449 0.8740458015267172
1 0.6614173228346456 0.42302798982188305 0.08589835361488905 0.7926208651399493
1 0.799570508231926 0.40139949109414735 0.10594130279169565 0.7900763358778622
1 0.9273443092340731 0.4001272264631044 0.1324266284896206 0.7977099236641222
0 0.29706513958482467 0.9103053435114503 0.12168933428775949 0.1361323155216285
0 0.45454545454545453 0.9013994910941476 0.12884753042233357 0.11832061068702289
0 0.7197566213314245 0.9001272264631044 0.13099498926270578 0.12086513994910941
0 0.8933428775948461 0.898854961832061 0.1317108088761632 0.12595419847328243
