1 0.12735849056603774 0.37337057728119183 0.1540880503144654 0.7467411545623837
1 0.24371069182389934 0.3733705772811918 0.1540880503144654 0.7430167597765363
1 0.389412997903564 0.3528864059590317 0.11425576519916143 0.6908752327746741
1 0.5183438155136268 0.3845437616387337 0.1331236897274633 0.7690875232774674
1 0.6635220125786156 0.3733705772811917 0.148846960167716 0.7467411545623834
0 0.8170859538784065 0.38919925512104286 0.15618448637316548 0.7709497206703911
0 0.11635220125786162 0.8147113594040968 0.14046121593291405 0.12849162011173185
0 0.37997903563941293 0.8277467411545625 0.12473794549266247 0.15083798882681565
0 0.5225366876310272 0.8277467411545624 0.13522012578616352 0.16573556797020483
0 0.660377358490566 0.8510242085661079 0.14046121593291405 0.14152700186219735
0 0.8443396226415103 0.8566108007448782 0.13941299790356562 0.16014897579143272
