1 0.4680628272251309 0.3891992551210428 0.11937172774869112 0.7746741154562383
1 0.5837696335078532 0.38640595903165725 0.10366492146596862 0.7728119180633145
1 0.6916230366492142 0.38268156424580985 0.10785340314136092 0.7653631284916197
1 0.799476439790576 0.381750465549348 0.10575916230366515 0.763500931098696
1 0.9109947643979074 0.3826815642458097 0.115183246073301 0.7653631284916194
1 0.9670157068062827 0.38268156424581 0.007329842931937173 0.005586592178770949
1 0.34450261780104724 0.3929236499068901 0.12984293193717278 0.7821229050279329
1 0.2340314136125654 0.3975791433891992 0.11832460732984286 0.7802607076350091
1 0.11361256544502617 0.40409683426443194 0.12670157068062826 0.7783985102420856
0 0.14554973821989528 0.8743016759776536 0.1486910994764398 0.11731843575418993
0 0.31884816753926704 0.8659217877094971 0.14345549738219895 0.1266294227188082
0 0.46125654450261794 0.8603351955307261 0.13926701570680627 0.13035381750465536
0 0.599476439790576 0.8547486033519553 0.13298429319371727 0.1266294227188082
0 0.7397905759162303 0.8510242085661074 0.1413612565445022 0.1340782122905027
0 0.8780104712041883 0.8445065176908746 0.1413612565445031 0.13966480446927365
