1 0.10052356020942409 0.5090782122905027 0.11937172774869112 0.5824022346368715
1 0.21047120418848167 0.5048882681564245 0.10680628272251307 0.5935754189944135
1 0.3219895287958115 0.5041899441340778 0.1099476439790577 0.597765363128491
1 0.43926701570680626 0.49650837988826807 0.10785340314136124 0.6019553072625698
1 0.7785340314136127 0.4818435754189945 0.1162303664921466 0.6284916201117319
1 0.887958115183246 0.4546089385474859 0.11937172774869109 0.680167597765363
0 0.06910994764397904 0.8666201117318443 0.09842931937172769 0.08798882681564212
0 0.17748691099476438 0.8652234636871508 0.08900523560209424 0.08798882681564246
0 0.2858638743455498 0.865921787709497 0.09424083769633508 0.09217877094972067
0 0.4340314136125654 0.8666201117318435 0.09109947643979056 0.09078212290502796
0 0.8094240837696334 0.8645251396648043 0.0963350785340314 0.08938547486033518
0 0.9403141361256544 0.8603351955307261 0.0963350785340314 0.09497206703910611
