1 0.23299928418038665 0.4460877862595419 0.1381531853972799 0.6975190839694655
1 0.36828919112383657 0.4427480916030534 0.1453113815318539 0.7137404580152672
1 0.4949892627057983 0.45419847328244267 0.12383679312813169 0.6793893129770991
1 0.6209735146743018 0.458969465648855 0.12240515390121684 0.681297709923664
1 0.7576950608446669 0.4284351145038168 0.14387974230493972 0.7290076335877863
1 0.8908375089477452 0.4327290076335876 0.14101646385110966 0.720419847328244
0 0.1628489620615603 0.8955152671755724 0.13242662848962075 0.0677480916030531
0 0.33178239083750893 0.89456106870229 0.12813171080887617 0.06583969465648855
0 0.4967788117394417 0.9107824427480915 0.1317108088761632 0.1669847328244275
0 0.6571224051539012 0.8936068702290076 0.12025769506084463 0.07156488549618319
0 0.8858267716535433 0.8959923664122137 0.12097351467430208 0.07251908396946564
