1 0.09319371727748688 0.401098901098901 0.17801047120418845 0.802197802197802
1 0.2696335078534031 0.3916797488226059 0.1853403141361256 0.7833594976452118
1 0.4282722513089004 0.39560439560439575 0.1738219895287958 0.7880690737833598
1 0.5963350785340314 0.38932496075353223 0.15602094240837702 0.7723704866562009
1 0.7586387434554972 0.38854003139717413 0.15183246073298465 0.7739403453689165
1 0.9157068062827224 0.39010989010989017 0.14764397905759166 0.7770800627943486
0 0.1094240837696335 0.8814756671899526 0.13298429319371727 0.11773940345368918
0 0.27853403141361255 0.8846153846153847 0.1340314136125655 0.1271585557299843
0 0.43507853403141367 0.8799058084772368 0.13507853403141365 0.11145996860282574
0 0.6136125654450262 0.8814756671899527 0.12984293193717278 0.10832025117739404
0 0.7764397905759162 0.8783359497645212 0.13717277486910995 0.11459968602825749
0 0.9350785340314135 0.8751962323390895 0.12565445026178007 0.12401883830455257
