1 0.22565445026178 0.4587988826815639 0.11832460732984273 0.5321229050279325
1 0.34345549738219894 0.45321229050279327 0.11099476439790576 0.5405027932960894
1 0.47801047120418844 0.45810055865921784 0.11832460732984293 0.5251396648044693
1 0.6015706806282721 0.4587988826815642 0.12460732984293194 0.5349162011173184
1 0.7293193717277485 0.45321229050279327 0.12879581151832462 0.5460893854748603
1 0.8596858638743456 0.4434357541899442 0.16335078534031414 0.5684357541899443
1 0.07853403141361259 0.45391061452513937 0.1528795811518325 0.5223463687150836
1 0.9591623036649216 0.4650837988826813 0.07539267015706833 0.5307262569832403
0 0.5429319371727744 0.881284916201117 0.12879581151832492 0.1173184357541897
0 0.12722513089005236 0.8819832402234637 0.13717277486910995 0.12150837988826815
0 0.9083769633507853 0.888268156424581 0.13507853403141365 0.11731843575418993
