1 0.09371221281741234 0.6269265639165907 0.11487303506650542 0.32728921124206695
1 0.20012091898428053 0.6269265639165912 0.1269649334945586 0.32547597461468736
1 0.31499395405078595 0.6255666364460563 0.11970979443772672 0.3173164097914778
1 0.4232164449818623 0.615140525838622 0.11608222490931076 0.3417951042611061
1 0.5356711003627569 0.6183136899365367 0.11608222490931076 0.3336355394378966
1 0.6444981862152358 0.6242067089755213 0.12333736396614269 0.3236627379873073
1 0.7654171704957676 0.6242067089755213 0.1354292623941959 0.3236627379873073
1 0.8784764207980652 0.6291931097008159 0.1414752116082225 0.31912964641885766
1 0.21463119709794437 0.21622846781504987 0.09310761789600967 0.2130553037171351
1 0.31197097944377267 0.21350861287398004 0.094316807738815 0.22212148685403446
1 0.4105199516324064 0.2098821396192203 0.1003627569528416 0.22574796010879422
1 0.5120918984280532 0.21804170444242973 0.1003627569528416 0.2130553037171351
1 0.6130592503022975 0.2171350861287398 0.10640870616686816 0.2130553037171351
1 0.7206771463119712 0.21940163191296463 0.11124546553808948 0.20670897552130554
1 0.8264812575574365 0.20942883046237534 0.1003627569528416 0.21940163191296463
1 0.9322853688029019 0.2339075249320036 0.11366384522370013 0.1668177697189483
1 0.13180169286577997 0.22665457842248407 0.08222490931076179 0.1885766092475068
1 0.042926239419588876 0.2103354487760653 0.0761789600967352 0.2212148685403445
1 0.9637243047158406 0.6233000906618316 0.07013301088270874 0.3327289211242067
0 0.2557436517533256 0.8490480507706251 0.12212817412333747 0.04986400725294685
0 0.4963724304715841 0.8449682683590208 0.11487303506650544 0.041704442429737074
0 0.7472793228536878 0.8440616500453308 0.1257557436517533 0.041704442429737074
0 0.9214026602176542 0.8449682683590208 0.12333736396614269 0.03989120580235721
0 0.04897218863361548 0.8472348141432456 0.09310761789600967 0.03898458748866727
0 0.1559854897218863 0.3563009972801451 0.09915356711003627 0.027198549410698093
0 0.28234582829504234 0.35630099728014514 0.09552599758162032 0.030825022665457846
0 0.4123337363966143 0.35675430643699 0.09673518742442563 0.028105167724388033
0 0.5840386940749698 0.35675430643699 0.05320435308343408 0.028105167724388033
0 0.5380894800483675 0.35766092475068 0.05078597339782345 0.02629193109700816
0 0.7333736396614269 0.35584768812330003 0.10278113663845223 0.03354487760652766
0 0.9135429262394196 0.3535811423390752 0.056831922611850064 0.02901178603807797
0 0.8627569528415961 0.35222121486854036 0.05199516324062878 0.029918404351767906
