1 0.1496062992125984 0.44274809160305345 0.15032211882605584 0.6774809160305344
1 0.2934860415175376 0.4499045801526717 0.1317108088761632 0.6612595419847328
1 0.4244810307802434 0.4575381679389313 0.12312097351467431 0.6612595419847328
1 0.5465282748747315 0.4599236641221374 0.11667859699355762 0.6564885496183206
1 0.6753758052970652 0.4651717557251908 0.13385826771653542 0.6459923664122137
1 0.806370794559771 0.46708015267175573 0.11811023622047244 0.6479007633587787
1 0.9405869720830351 0.4675572519083969 0.11596277738010022 0.6412213740458015
1 0.04008589835361489 0.435591603053435 0.08017179670722978 0.6727099236641219
0 0.15497494631352907 0.8535305343511448 0.13099498926270575 0.07156488549618302
0 0.3307086614173227 0.8554389312977101 0.12741589119541927 0.07729007633587788
0 0.4974946313528992 0.8563931297709924 0.12741589119541877 0.07156488549618319
0 0.6939871152469577 0.8587786259541984 0.11954187544738726 0.07633587786259542
0 0.8561202576950607 0.862118320610687 0.12025769506084463 0.07156488549618319
0 0.43593414459556196 0.03148854961832061 0.09591982820329274 0.061068702290076333
0 0.5708661417322834 0.03530534351145038 0.0952040085898354 0.059160305343511445
0 0.7820329277022191 0.04723282442748092 0.09377236936292058 0.06202290076335878
0 0.9015748031496065 0.052480916030534355 0.08947745168217609 0.061068702290076333
0 0.29277022190408014 0.026717557251908396 0.05010737294201863 0.051526717557251904
0 0.24230493915533283 0.02480916030534351 0.04652827487473155 0.04770992366412214
